2874    5000    5000    500
812834	64424511873
7007976	64424510156
16065490	64424510424
28382138	64424511565
28382139	64424511566
33146997	64424510639
33146997	64424510329
34199475	64424512689
35323923	64424511576
43692971	64424511072
53642469	64424512861
59082518	64424510045
68073777	64424511565
68073778	64424511566
86755106	64424512689
86755108	64424511366
86755108	64424511779
86755108	64424512986
99125987	64424511565
99125988	64424511566
106870406	64424511565
106870407	64424511566
110874930	64424511804
119787457	64424512256
145472058	64424510139
148045191	64424510139
153659201	64424513120
153659201	64424512129
155061205	64424512157
156371848	64424510180
160680291	64424510892
172115170	64424511804
172115171	64424511805
176368812	64424511804
185652520	64424510359
188075461	64424513120
188075461	64424512129
195123069	64424511047
195711032	64424512413
201490216	64424510553
201490216	64424509775
201490216	64424510927
201490216	64424511686
224037708	64424511873
226942432	64424511873
228865992	64424510697
228865992	64424510385
229037657	64424511960
229037657	64424511389
230286078	64424513294
241659800	64424511565
241659801	64424511566
242094890	64424512367
242094890	64424512027
242094890	64424512597
242094890	64424510584
242094890	64424510271
243978169	64424513244
244325645	64424513044
4304307864	64424510420
4310913069	64424510191
4316330451	64424513289
4316330451	64424511016
4318548536	64424513289
4318548536	64424511016
4321213024	64424509607
4328393188	64424512176
4333012998	64424513115
4333012998	64424510621
4341880040	64424510918
4341880040	64424509491
4344641683	64424511270
4347455266	64424511566
4350964346	64424513012
4352128416	64424513115
4352128416	64424510621
4365430387	64424509607
4366578342	64424510136
4366752914	64424510270
4366752915	64424510271
4366752915	64424512367
4366752915	64424510584
4366752915	64424512597
4366752915	64424512027
4366913305	64424510167
4367884269	64424512100
4379261254	64424512129
4379261254	64424513120
4384098596	64424509607
4391317671	64424511075
4394119425	64424511804
4396551559	64424511047
4405362322	64424511805
4415550474	64424509992
4418245415	64424511694
4418245415	64424510561
4418245415	64424510935
4418245415	64424512372
4418245415	64424510276
4423055820	64424512572
4423055820	64424512188
4423055820	64424513317
4429995439	64424509828
4430920125	64424511046
4440303014	64424512211
4443322461	64424511565
4443322462	64424511566
4443682094	64424511565
4443682095	64424511566
4445029575	64424510918
4445029575	64424509491
4460686585	64424510669
4472968265	64424512289
4485092875	64424510801
4485092875	64424509782
4485092875	64424510275
4485092875	64424511693
4485092875	64424510560
4485092875	64424512031
4485092875	64424510934
4485092875	64424512371
4485092875	64424510491
4485092875	64424510588
4488035529	64424513120
4488035529	64424512129
4494005669	64424513307
4494573865	64424510735
4498172352	64424511211
4504624531	64424511046
4511183522	64424510317
4511183522	64424510627
4517342548	64424511565
4517342549	64424511566
4518196538	64424509466
4520613045	64424513307
4520917089	64424509487
4534700531	64424511249
4534700561	64424511249
4534700591	64424511249
4534700771	64424511249
4534700801	64424511249
4534700831	64424511249
4535427922	64424510542
4535759105	64424509466
8593779330	64424512783
8593779330	64424512281
8593779330	64424509584
8593779330	64424512696
8595306958	64424511565
8595306959	64424511566
8597206972	64424511072
8601058053	64424513127
8627338314	64424511047
8627646905	64424512157
8632708311	64424512003
8640087997	64424511879
8640087997	64424511808
8645170142	64424511565
8645170143	64424511566
8648994332	64424511565
8648994333	64424511566
8655396605	64424511565
8655396606	64424511566
8658306276	64424511047
8678046662	64424513036
8686858118	64424511565
8686858119	64424511566
8702871284	64424511565
8710855538	64424511047
8711532799	64424513012
8733676695	64424510892
8742190182	64424509879
8744663010	64424509939
8745684700	64424512290
8750528995	64424511566
8772470661	64424511565
8772470662	64424511566
8776332881	64424511047
8777507523	64424512176
8777559711	64424512301
8781730225	64424512671
8781730225	64424512759
8784190481	64424510420
8787210885	64424513120
8787210885	64424512129
12890019095	64424512129
12890019095	64424513120
12890741767	64424513255
12892799688	64424513012
12893852362	64424510967
12894386475	64424510967
12897528534	64424511566
12903657764	64424511016
12903657764	64424513289
12905627295	64424512371
12905627295	64424510491
12905627295	64424509782
12905627295	64424512031
12905627295	64424510560
12905627295	64424510588
12905627295	64424510801
12905627295	64424510275
12905627295	64424510934
12905627295	64424511693
12906728921	64424512395
12909742492	64424512256
12915610234	64424512129
12915610234	64424513120
12915945570	64424511565
12915945571	64424511566
12917325322	64424513127
12921718940	64424510520
12921718940	64424511322
12921718940	64424511363
12921718940	64424511132
12921718940	64424511776
12921718940	64424509536
12921718940	64424512273
12921718940	64424510304
12921718940	64424510205
12921718940	64424512891
12921718940	64424509822
12921718940	64424511433
12921718940	64424511460
12921718940	64424513080
12921718940	64424511501
12921718940	64424512245
12921718940	64424509909
12921718940	64424512948
12921718940	64424512060
12921718940	64424509849
12921718940	64424509673
12921718940	64424513163
12921718940	64424512804
12921718940	64424511104
12921718940	64424511934
12921718940	64424510007
12921718940	64424512515
12921718940	64424511613
12921718940	64424509507
12921718940	64424510830
12921718940	64424510076
12921718940	64424510105
12921718940	64424512432
12921718940	64424511284
12921718940	64424512629
12921718940	64424512544
12930106277	64424513120
12930106277	64424512129
12940951368	64424512290
12946745855	64424510705
12946745855	64424510393
12947140829	64424512409
12947496267	64424511047
12949899845	64424513349
12955999800	64424511566
12994742247	64424511565
12994742248	64424511566
13010268880	64424511565
13010268881	64424511566
13020397817	64424510897
13038450528	64424511805
13056875162	64424513036
13057231029	64424512176
13058659382	64424512222
17181075973	64424510627
17181075973	64424510317
17182347036	64424511565
17185191096	64424511565
17185191097	64424511566
17185196470	64424513209
17193539488	64424511566
17199209253	64424511565
17199209254	64424511566
17210234135	64424513143
17225710665	64424511565
17225710666	64424511566
17248805676	64424513285
17248805676	64424511012
17248903728	64424512149
17248903728	64424513137
17255924074	64424511565
17259450000	64424510892
17262315679	64424512182
17268971748	64424513209
17270093983	64424513115
17270093983	64424510621
17270093986	64424512127
17273264394	64424513127
17278048522	64424513012
17283809563	64424513036
17287858779	64424513319
17297079415	64424511565
17297079416	64424511566
17299339364	64424510786
17299339364	64424510476
17302602414	64424510139
17305049619	64424511805
17335472256	64424510897
17335999559	64424511565
17335999560	64424511566
17336138943	64424511565
17336138944	64424511566
17340013452	64424511047
17344415180	64424511565
17344415181	64424511566
17350398192	64424513020
17358859721	64424512671
17358859721	64424512759
21477516913	64424510351
21478446005	64424512975
21485832023	64424513209
21500682326	64424510136
21500685541	64424511565
21500732174	64424512409
21501241414	64424510735
21502223025	64424511902
21502338759	64424510602
21510860495	64424511873
21518115475	64424512290
21526539554	64424511047
21536762331	64424513319
21544135320	64424511047
21572604439	64424511565
21572604440	64424511566
21573773523	64424512952
21588107953	64424512405
21590634184	64424513044
21594308981	64424513036
21598438040	64424512975
21603777787	64424509879
21606885600	64424513115
21606885600	64424510621
21623418949	64424511564
21623418950	64424511565
21623418951	64424511566
21629887219	64424509979
21638576914	64424510424
25773443331	64424510371
25773443331	64424509724
25773443331	64424511540
25773443331	64424510018
25774333070	64424511576
25787191767	64424511565
25787191768	64424511566
25787795391	64424513349
25797184781	64424512326
25802718889	64424511902
25813603037	64424513046
25817497035	64424513289
25817497035	64424511016
25820892701	64424512136
25821544576	64424513012
25844349081	64424509974
25847169903	64424511565
25847169904	64424511566
25866411716	64424510892
25870769643	64424510690
25874264512	64424511566
25882757283	64424511565
25882757284	64424511566
25882824184	64424511565
25882824185	64424511566
25886336010	64424509717
25886336010	64424512576
25886894245	64424512176
25891241567	64424510705
25891241567	64424510393
25899112210	64424510424
25908423797	64424509487
25910193084	64424510892
25916020217	64424511040
25925291537	64424513209
25925616527	64424511576
25927797830	64424511753
30073066030	64424511075
30076374157	64424511565
30087764584	64424510271
30087764584	64424512367
30087764584	64424512027
30087764584	64424510584
30087764584	64424512597
30102487506	64424513349
30111536351	64424511250
30129060935	64424511047
30139730059	64424512572
30139730059	64424512188
30139730059	64424513317
30157062704	64424511565
30157062705	64424511566
30157101154	64424511565
30157101155	64424511566
30167298946	64424510892
30177563401	64424513108
30181725689	64424511578
30185346070	64424509717
30185346070	64424512576
30188872367	64424512182
30190588516	64424510139
30190909978	64424512122
30204520496	64424510786
30204520496	64424510476
34363556090	64424513289
34363556090	64424511016
34375003459	64424511963
34375003459	64424509577
34375003459	64424509910
34391446390	64424511565
34391446391	64424511566
34391614796	64424511565
34391614797	64424511566
34391833422	64424511047
34397134453	64424511250
34432706593	64424511047
34440220243	64424509969
34444048123	64424512665
34444048123	64424512753
34449610131	64424512176
34450056672	64424510546
34453521286	64424511047
34465726623	64424511248
34465726623	64424512779
34465726623	64424512277
34465726623	64424512692
34465726623	64424509580
34465726623	64424510337
34467505420	64424511137
34485800519	64424510139
38654926403	64424513115
38654926403	64424510621
38662759876	64424510634
38662759876	64424510324
38667188489	64424512055
38669255199	64424510358
38672671191	64424510806
38672671191	64424510496
38672671191	64424510309
38672671191	64424509512
38672671191	64424510081
38674489560	64424510599
38688612116	64424510553
38688612116	64424510927
38688612116	64424509775
38688612116	64424511686
38690946593	64424511566
38699675205	64424513209
38719288320	64424511565
38719288321	64424511566
38719452877	64424511046
38724209001	64424510139
38727622725	64424511566
38732916891	64424510732
38733655122	64424511318
38738764499	64424510427
38743056353	64424511047
38744606508	64424511902
38748421048	64424511047
38753721597	64424511565
38753721598	64424511566
38758857297	64424511565
38758857298	64424511566
38759485564	64424511071
38759786103	64424511565
38759786104	64424511566
38765337863	64424513289
38765337863	64424511016
38772448392	64424513115
38772448392	64424510621
38778172710	64424512293
38778172713	64424510424
38779347013	64424512008
42950104942	64424509487
42953922022	64424510476
42953922022	64424510786
42957799859	64424510359
42959317718	64424510424
42963285163	64424513044
42969669265	64424513020
42970591337	64424511879
42970591337	64424511808
42978099791	64424511565
42978099792	64424511566
42981729985	64424510884
42984264158	64424512129
42984264158	64424513120
42991820959	64424511566
42992683317	64424510546
42996375916	64424513285
42996375916	64424511012
43022891767	64424512314
43022891767	64424510373
43022891767	64424510020
43022891767	64424509726
43022891767	64424511542
43028789465	64424511591
43042108883	64424510892
43047291938	64424512122
43052487721	64424511565
43052487722	64424511566
43060426819	64424511047
43066226171	64424511214
43066226171	64424510088
43066226171	64424510713
43066226171	64424510813
43066226171	64424513023
43066226171	64424512584
43066226171	64424510401
43066226171	64424510503
43066226171	64424509519
43077424972	64424511566
43079500307	64424511072
43079809408	64424512289
43079809409	64424512290
47250718380	64424510619
47261297584	64424512176
47263913935	64424510619
47264857978	64424510346
47269324586	64424511047
47270469538	64424512182
47273908266	64424511576
47282928990	64424511318
47283672937	64424513044
47283672939	64424513046
47285451006	64424512952
47299623239	64424510358
47301754335	64424513036
47305828947	64424511908
47305828947	64424510646
47336903224	64424511804
47345573912	64424512718
47349048997	64424511248
47349048997	64424512779
47349048997	64424512277
47349048997	64424512692
47349048997	64424509580
47349048997	64424510337
47349225928	64424513036
47352818299	64424513036
47357510274	64424511873
47370834156	64424512861
51558234948	64424509881
51558500584	64424510892
51558519567	64424511565
51558519568	64424511566
51561966720	64424511047
51565475356	64424510424
51576595016	64424512122
51582352020	64424512122
51590607855	64424510772
51590607855	64424510462
51591653003	64424513012
51610677019	64424511565
51610677020	64424511566
51615651415	64424511046
51618423893	64424512367
51618423893	64424512027
51618423893	64424510271
51618423893	64424510584
51618423893	64424512597
51619069590	64424511047
51622391658	64424511046
51630594980	64424513036
51631483961	64424513349
51652297062	64424513149
55858396150	64424511565
55858396151	64424511566
55866890607	64424511046
55871338221	64424510892
55876227903	64424511565
55876227904	64424511566
55881648633	64424510359
55886658571	64424510897
55892417220	64424510892
55902577272	64424511565
55902577273	64424511566
55906094093	64424510705
55906094093	64424510393
55922128745	64424511046
55925877813	64424512413
55933701916	64424512157
55936102555	64424511873
55940198777	64424512290
60161028360	64424512293
60176056227	64424512129
60176056227	64424513120
60178477494	64424513131
60194048065	64424510705
60194048065	64424510393
60198727418	64424513054
60200066957	64424510553
60200066957	64424510927
60200066957	64424509775
60200066957	64424511686
60211831779	64424509939
60214990404	64424511565
60214990405	64424511566
60223073880	64424510177
60226221003	64424510884
60230626342	64424512861
64424971576	64424512293
64426321102	64424510705
64426321102	64424510393
64427445740	64424510291
64439371399	64424511879
64439371399	64424511808
64440345652	64424509619
64440769890	64424511879
64440769890	64424511808
64442403889	64424511879
64442403889	64424511808
64443187515	64424510139
64471654434	64424511804
64474196004	64424509487
64495345146	64424510139
64495812279	64424512718
64501213776	64424511908
64501213776	64424510646
64503796457	64424512100
64511604525	64424512689
68724310507	64424509619
68726984016	64424509717
68726984016	64424512576
68736252331	64424511565
68736252332	64424511566
68739880891	64424511565
68739880892	64424511566
68748236040	64424511873
68758005616	64424513209
68758103916	64424513012
68770637752	64424513012
68772389878	64424511873
68775816932	64424511565
68776270967	64424513149
68777342238	64424511564
68782748578	64424511565
68793858872	64424513289
68793858872	64424511016
68798673838	64424510420
73016801065	64424512136
73017986081	64424511576
73022832437	64424510546
73023486626	64424511406
73029093341	64424511565
73029093342	64424511566
73039054483	64424511804
73052231250	64424511566
73053967649	64424510139
73067512682	64424512129
73067512682	64424513120
73068318699	64424511879
73068318699	64424511808
73070997314	64424512157
73071543493	64424511565
73071543494	64424511566
73085883434	64424510139
73091503051	64424509879
77322862622	64424510427
77332707602	64424511565
77332707603	64424511566
77333185417	64424512182
77337911644	64424510884
77339715167	64424509766
77341240379	64424513349
77344020094	64424511047
77344020112	64424511047
77358485076	64424510424
77361690094	64424511565
77361690095	64424511566
77364550194	64424511396
81616629145	64424511391
81618987247	64424513318
81619138387	64424511566
81622051428	64424513054
81627662946	64424511047
81637451879	64424512003
81650222129	64424510546
81654951667	64424513044
81666192054	64424512129
81666192054	64424513120
85906203288	64424509881
85913068306	64424509881
85921858814	64424513012
85931381185	64424511270
85932600931	64424512176
85940192065	64424511804
85940277797	64424512003
85943667919	64424511716
85944489866	64424510480
85944489866	64424510790
90218510000	64424510892
90221422290	64424509487
90222887698	64424511046
90225709160	64424511805
90227805276	64424513108
90243899459	64424511647
90243899460	64424511238
94491983783	64424512508
94503478054	64424511047
94506132945	64424513289
94506132945	64424511016
94506970879	64424512129
94506970879	64424513120
94513701343	64424511565
94513701344	64424511566
94516612310	64424513012
94520545406	64424512831
94523040315	64424511047
94525009506	64424511566
94527282266	64424511046
94531689106	64424511566
94536512958	64424510476
94536512958	64424510786
94539001593	64424510892
94539647318	64424509717
94539647318	64424512576
94542186557	64424513127
94552316952	64424511047
94553700512	64424511565
94553700513	64424511566
94555193755	64424511565
94555193756	64424511566
94556573534	64424509881
94558524612	64424511565
94558524613	64424511566
94559903014	64424510892
94562140616	64424513012
94562329759	64424509750
94562444893	64424511565
94562901104	64424511565
94562901105	64424511566
94563000653	64424511565
94563000654	64424511566
94571033938	64424512129
94571033938	64424513120
94576609870	64424512671
94576609870	64424512759
94578822761	64424511391
94579778228	64424511565
94579778229	64424511566
94581009209	64424511566
94583267672	64424509491
94583267672	64424510918
94585463084	64424512289
94585992078	64424511565
94591449937	64424511565
94591449938	64424511566
94594472517	64424510139
94599860537	64424513115
94599860537	64424510621
94600354558	64424512217
94602647286	64424510424
94612494176	64424511412
94612494176	64424511480
94620114478	64424511804
94627124524	64424511566
94639171930	64424513012
94644243327	64424510705
94644243327	64424510393
98787445930	64424511391
98788323320	64424511565
98788323321	64424511566
98790512829	64424510553
98790512829	64424510927
98790512829	64424509775
98790512829	64424511686
98793583745	64424510553
98793583745	64424510927
98793583745	64424509775
98793583745	64424511686
98793604078	64424510553
98793604078	64424510927
98793604078	64424509775
98793604078	64424511686
98793624356	64424510553
98793624356	64424510927
98793624356	64424509775
98793624356	64424511686
98793644702	64424511686
98793644702	64424510553
98793644702	64424510927
98793644702	64424509775
98793713238	64424511686
98793713238	64424510553
98793713238	64424510927
98793713238	64424509775
98793733548	64424511686
98793733548	64424510553
98793733548	64424510927
98793733548	64424509775
98793753832	64424511686
98793753832	64424510553
98793753832	64424510927
98793753832	64424509775
98793774161	64424511686
98793774161	64424510553
98793774161	64424510927
98793774161	64424509775
98801890751	64424509607
227634494441	64424513209
9223372036856675865	64424512050
9223372036859797155	64424510051
9223372036859797155	64424510139
9223372036860545240	64424510915
9223372036862930243	64424512105
9223372036862930243	64424512417
9223372036876381881	64424513230
9223372036876381881	64424510118
9223372036876381881	64424511562
9223372036876381881	64424510031
9223372036876381881	64424512473
9223372036876381881	64424510533
9223372036886079192	64424512674
9223372036892830566	64424509540
9223372036892830566	64424511813
9223372036897872443	64424511763
9223372036897872444	64424511764
9223372036898042325	64424510937
9223372036901646029	64424511244
9223372036901646030	64424511245
9223372036903920210	64424512508
9223372036917194520	64424511419
9223372036919032697	64424511244
9223372036919032698	64424511245
9223372036922366796	64424509766
9223372036924477246	64424509521
9223372036924477246	64424511794
9223372036936810672	64424511244
9223372036936810673	64424511245
9223372036954382046	64424512451
9223372036962272724	64424510593
9223372036966058157	64424510234
9223372036966058157	64424513093
9223372037001655666	64424512671
9223372037016201782	64424509525
9223372037016201782	64424511798
9223372037026018836	64424511763
9223372037026018837	64424511764
9223372037027863475	64424511444
9223372037027863475	64424509824
9223372037027863475	64424511031
9223372037033594400	64424512540
9223372037033688476	64424510051
9223372037033688476	64424510139
9223372037036634654	64424511673
9223372037055557502	64424509690
9223372037055557502	64424510681
9223372037055557504	64424510683
9223372037059479319	64424510937
9223372037060155840	64424509774
9223372037073045956	64424509673
9223372037073045956	64424510661
9223372037076373742	64424511005
9223372037082135228	64424509790
9223372037089522077	64424511892
9223372037089522077	64424513319
9223372037093462330	64424511244
9223372037093462331	64424511245
9223372037093462332	64424511246
9223372037100509812	64424511763
9223372041152923518	64424513231
9223372041152923518	64424510292
9223372041152923518	64424510845
9223372041152923521	64424510750
9223372041152923521	64424513137
9223372041152923521	64424513303
9223372041152923521	64424511197
9223372041152923521	64424510876
9223372041152923521	64424512605
9223372041152923521	64424512705
9223372041152923521	64424510537
9223372041152923521	64424510565
9223372041152923521	64424510006
9223372041152923521	64424511309
9223372041152923521	64424510378
9223372041152923521	64424509730
9223372041152923521	64424512988
9223372041152923521	64424511706
9223372041152923521	64424511526
9223372041152923521	64424512734
9223372041152923521	64424509647
9223372041152923521	64424511350
9223372041152923521	64424510295
9223372041152923521	64424512290
9223372041152923521	64424509862
9223372041152923521	64424512506
9223372041152923521	64424511034
9223372041152923521	64424512803
9223372041152923521	64424510266
9223372041152923521	64424512901
9223372041152923521	64424509919
9223372041152923521	64424513274
9223372041152923521	64424511488
9223372041152923521	64424512961
9223372041152923521	64424511447
9223372041152923521	64424511377
9223372041152923521	64424510181
9223372041152923521	64424511980
9223372041152923521	64424511678
9223372041152923529	64424510884
9223372041152923529	64424509870
9223372041152923529	64424511686
9223372041152923529	64424510386
9223372041152923529	64424512571
9223372041152923529	64424513076
9223372041152923529	64424513213
9223372041152923529	64424512909
9223372041152923529	64424511289
9223372041152923529	64424511988
9223372041152923529	64424510014
9223372041152923529	64424512298
9223372041152923529	64424513145
9223372041152923529	64424512429
9223372041152923529	64424513282
9223372041152923529	64424512713
9223372041152923529	64424510072
9223372041152923529	64424510189
9223372041152923537	64424513084
9223372041152923537	64424512790
9223372041152923537	64424511268
9223372041152923537	64424512437
9223372041152923537	64424510496
9223372041152923539	64424513086
9223372041152923539	64424512792
9223372041152923539	64424511270
9223372041152923539	64424512439
9223372041152923543	64424512443
9223372041152923543	64424510715
9223372041152923543	64424510174
9223372041152923543	64424512698
9223372041152923543	64424512215
9223372041152923543	64424510558
9223372041152923543	64424510841
9223372041152923543	64424511973
9223372041152923543	64424510772
9223372041152923543	64424509751
9223372041152923543	64424512796
9223372041152923543	64424513021
9223372041152923543	64424513130
9223372041152923550	64424513274
9223372041152923550	64424511678
9223372041152923550	64424512961
9223372041152923550	64424511447
9223372041152923550	64424511377
9223372041152923550	64424511197
9223372041152923550	64424510006
9223372041152923550	64424509647
9223372041152923550	64424510266
9223372041152923550	64424513303
9223372041152923550	64424513137
9223372041152923550	64424510876
9223372041152923550	64424512705
9223372041152923550	64424512605
9223372041152923550	64424510295
9223372041152923550	64424511309
9223372041152923550	64424510537
9223372041152923550	64424510565
9223372041152923550	64424509730
9223372041152923550	64424512506
9223372041152923550	64424510378
9223372041152923550	64424512988
9223372041152923550	64424511526
9223372041152923550	64424511706
9223372041152923550	64424512734
9223372041152923550	64424510750
9223372041152923550	64424511034
9223372041152923550	64424512803
9223372041152923550	64424511350
9223372041152923550	64424510181
9223372041152923550	64424512901
9223372041152923550	64424509919
9223372041152923550	64424512290
9223372041152923550	64424509862
9223372041152923550	64424511488
9223372041152923550	64424511980
9223372041152923558	64424512613
9223372041152923575	64424513093
9223372041152923575	64424510234
9223372041152923584	64424513102
9223372041152923591	64424511209
9223372041152923591	64424511321
9223372041152923591	64424511648
9223372041152923591	64424511459
9223372041152923591	64424511389
9223372041152923599	64424512654
9223372041152923603	64424512658
9223372041152923607	64424512662
9223372041152923610	64424512665
9223372041152923616	64424512671
9223372041152923619	64424512674
9223372041152923629	64424512684
9223372041152923629	64424511714
9223372041152923629	64424510160
9223372041152923629	64424510643
9223372041152923633	64424512688
9223372041152923633	64424513011
9223372041152923633	64424511181
9223372041152923633	64424513120
9223372041152923633	64424513162
9223372041152923633	64424511510
9223372041152923633	64424510831
9223372041152923633	64424511718
9223372041152923633	64424510164
9223372041152923643	64424510772
9223372041152923643	64424510174
9223372041152923643	64424513021
9223372041152923643	64424512443
9223372041152923643	64424512698
9223372041152923643	64424512215
9223372041152923643	64424510715
9223372041152923643	64424510558
9223372041152923643	64424510841
9223372041152923643	64424511973
9223372041152923643	64424509751
9223372041152923643	64424513130
9223372041152923643	64424512796
9223372041152923650	64424512506
9223372041152923650	64424510378
9223372041152923650	64424511034
9223372041152923650	64424512961
9223372041152923650	64424509862
9223372041152923650	64424510876
9223372041152923650	64424511488
9223372041152923650	64424511447
9223372041152923650	64424512605
9223372041152923650	64424509919
9223372041152923650	64424512988
9223372041152923650	64424510537
9223372041152923650	64424511706
9223372041152923650	64424511197
9223372041152923650	64424509647
9223372041152923650	64424512705
9223372041152923650	64424513137
9223372041152923650	64424512734
9223372041152923650	64424513303
9223372041152923650	64424510750
9223372041152923650	64424512290
9223372041152923650	64424510295
9223372041152923650	64424510006
9223372041152923650	64424513274
9223372041152923650	64424510565
9223372041152923650	64424511309
9223372041152923650	64424512803
9223372041152923650	64424510181
9223372041152923650	64424511350
9223372041152923650	64424510266
9223372041152923650	64424511678
9223372041152923650	64424511526
9223372041152923650	64424509730
9223372041152923650	64424512901
9223372041152923650	64424511980
9223372041152923650	64424511377
9223372041152923658	64424512571
9223372041152923658	64424512429
9223372041152923658	64424510072
9223372041152923658	64424513145
9223372041152923658	64424512298
9223372041152923658	64424511289
9223372041152923658	64424510014
9223372041152923658	64424513282
9223372041152923658	64424512713
9223372041152923658	64424513076
9223372041152923658	64424512909
9223372041152923658	64424510189
9223372041152923658	64424510884
9223372041152923658	64424511988
9223372041152923658	64424510386
9223372041152923658	64424511686
9223372041152923658	64424513213
9223372041152923658	64424509870
9223372041152923666	64424512306
9223372041152923666	64424513290
9223372041152923666	64424512408
9223372041152923666	64424510225
9223372041152923666	64424512721
9223372041152923666	64424512096
9223372041152923666	64424511996
9223372041152923666	64424511595
9223372041152923667	64424512722
9223372041152923667	64424513291
9223372041152923667	64424511596
9223372041152923667	64424509787
9223372041152923667	64424511997
9223372041152923667	64424512097
9223372041152923667	64424512409
9223372041152923667	64424510226
9223372041152923667	64424512307
9223372041152923674	64424512004
9223372041152923674	64424512501
9223372041152923674	64424513298
9223372041152923674	64424512729
9223372041152923674	64424512314
9223372041152923679	64424512988
9223372041152923679	64424511980
9223372041152923679	64424510266
9223372041152923679	64424509647
9223372041152923679	64424511377
9223372041152923679	64424511034
9223372041152923679	64424512506
9223372041152923679	64424513303
9223372041152923679	64424510006
9223372041152923679	64424510876
9223372041152923679	64424511447
9223372041152923679	64424512901
9223372041152923679	64424510378
9223372041152923679	64424510295
9223372041152923679	64424511488
9223372041152923679	64424509919
9223372041152923679	64424511197
9223372041152923679	64424511706
9223372041152923679	64424512605
9223372041152923679	64424512705
9223372041152923679	64424512961
9223372041152923679	64424510750
9223372041152923679	64424512734
9223372041152923679	64424510565
9223372041152923679	64424511309
9223372041152923679	64424510537
9223372041152923679	64424513137
9223372041152923679	64424512803
9223372041152923679	64424509730
9223372041152923679	64424511350
9223372041152923679	64424511678
9223372041152923679	64424510181
9223372041152923679	64424509862
9223372041152923679	64424513274
9223372041152923679	64424512290
9223372041152923679	64424511526
9223372041152923687	64424512613
9223372041152923710	64424512874
9223372041152923710	64424512763
9223372041152923712	64424512765
9223372041152923721	64424511210
9223372041152923721	64424511322
9223372041152923721	64424511169
9223372041152923721	64424511390
9223372041152923721	64424511649
9223372041152923721	64424512774
9223372041152923721	64424511460
9223372041152923724	64424512083
9223372041152923724	64424509509
9223372041152923724	64424512777
9223372041152923724	64424511133
9223372041152923724	64424511463
9223372041152923727	64424512780
9223372041152923727	64424512582
9223372041152923727	64424512086
9223372041152923727	64424511466
9223372041152923727	64424513252
9223372041152923737	64424512437
9223372041152923737	64424512790
9223372041152923737	64424511268
9223372041152923737	64424513084
9223372041152923737	64424510496
9223372041152923739	64424511270
9223372041152923739	64424513086
9223372041152923739	64424512792
9223372041152923739	64424512439
9223372041152923743	64424512796
9223372041152923743	64424513021
9223372041152923743	64424510772
9223372041152923743	64424510715
9223372041152923743	64424512698
9223372041152923743	64424512215
9223372041152923743	64424510174
9223372041152923743	64424513130
9223372041152923743	64424509751
9223372041152923743	64424510558
9223372041152923743	64424510841
9223372041152923743	64424511973
9223372041152923743	64424512443
9223372041152923750	64424510295
9223372041152923750	64424509919
9223372041152923750	64424510266
9223372041152923750	64424512988
9223372041152923750	64424513274
9223372041152923750	64424509862
9223372041152923750	64424511034
9223372041152923750	64424510876
9223372041152923750	64424510006
9223372041152923750	64424511377
9223372041152923750	64424511447
9223372041152923750	64424512605
9223372041152923750	64424509730
9223372041152923750	64424511980
9223372041152923750	64424512901
9223372041152923750	64424511488
9223372041152923750	64424511706
9223372041152923750	64424511197
9223372041152923750	64424510181
9223372041152923750	64424510750
9223372041152923750	64424512734
9223372041152923750	64424512705
9223372041152923750	64424512290
9223372041152923750	64424509647
9223372041152923750	64424511309
9223372041152923750	64424510378
9223372041152923750	64424511350
9223372041152923750	64424512803
9223372041152923750	64424513137
9223372041152923750	64424513303
9223372041152923750	64424510565
9223372041152923750	64424511678
9223372041152923750	64424510537
9223372041152923750	64424512961
9223372041152923750	64424511526
9223372041152923750	64424512506
9223372041152923752	64424513305
9223372041152923752	64424511449
9223372041152923752	64424512805
9223372041152923752	64424511199
9223372041152923752	64424509802
9223372041152923752	64424511311
9223372041152923752	64424511352
9223372041152923752	64424509732
9223372041152923752	64424512990
9223372041152923752	64424511379
9223372041152923752	64424512963
9223372041152923752	64424511528
9223372041152923752	64424510268
9223372041152923762	64424511459
9223372041152923762	64424511209
9223372041152923762	64424511321
9223372041152923762	64424511648
9223372041152923762	64424511389
9223372041152923763	64424511210
9223372041152923763	64424511322
9223372041152923763	64424511390
9223372041152923763	64424511169
9223372041152923763	64424511649
9223372041152923763	64424512774
9223372041152923763	64424511460
9223372041152923766	64424509509
9223372041152923766	64424512083
9223372041152923766	64424512777
9223372041152923766	64424511133
9223372041152923766	64424511463
9223372041152923769	64424512582
9223372041152923769	64424512780
9223372041152923769	64424511466
9223372041152923769	64424512086
9223372041152923769	64424513252
9223372041152923779	64424513221
9223372041152923779	64424510022
9223372041152923779	64424510109
9223372041152923784	64424510529
9223372041152923784	64424510027
9223372041152923784	64424513226
9223372041152923784	64424510114
9223372041152923788	64424510118
9223372041152923788	64424511562
9223372041152923788	64424513230
9223372041152923788	64424510031
9223372041152923788	64424510533
9223372041152923788	64424512473
9223372041152923792	64424512290
9223372041152923792	64424511678
9223372041152923792	64424512506
9223372041152923792	64424509647
9223372041152923792	64424509919
9223372041152923792	64424510181
9223372041152923792	64424509730
9223372041152923792	64424512988
9223372041152923792	64424513274
9223372041152923792	64424511034
9223372041152923792	64424510378
9223372041152923792	64424511980
9223372041152923792	64424510876
9223372041152923792	64424511447
9223372041152923792	64424510295
9223372041152923792	64424511706
9223372041152923792	64424511377
9223372041152923792	64424512901
9223372041152923792	64424513303
9223372041152923792	64424511197
9223372041152923792	64424510537
9223372041152923792	64424510750
9223372041152923792	64424510565
9223372041152923792	64424512734
9223372041152923792	64424511309
9223372041152923792	64424509862
9223372041152923792	64424510006
9223372041152923792	64424511350
9223372041152923792	64424510266
9223372041152923792	64424512605
9223372041152923792	64424513137
9223372041152923792	64424512961
9223372041152923792	64424512803
9223372041152923792	64424511526
9223372041152923792	64424511488
9223372041152923792	64424512705
9223372041152923800	64424513145
9223372041152923800	64424510189
9223372041152923800	64424512429
9223372041152923800	64424511289
9223372041152923800	64424510014
9223372041152923800	64424510072
9223372041152923800	64424512298
9223372041152923800	64424512571
9223372041152923800	64424512713
9223372041152923800	64424510386
9223372041152923800	64424513282
9223372041152923800	64424511988
9223372041152923800	64424513076
9223372041152923800	64424510884
9223372041152923800	64424513213
9223372041152923800	64424509870
9223372041152923800	64424511686
9223372041152923800	64424512909
9223372041152923805	64424510988
9223372041152923805	64424512589
9223372041152923805	64424512914
9223372041152923805	64424509875
9223372041152923807	64424512916
9223372041152923807	64424510990
9223372041152923807	64424509877
9223372041152923807	64424512591
9223372041152923816	64424512867
9223372041152923820	64424512871
9223372041152923829	64424512571
9223372041152923829	64424509870
9223372041152923829	64424512429
9223372041152923829	64424510014
9223372041152923829	64424513145
9223372041152923829	64424511988
9223372041152923829	64424512298
9223372041152923829	64424510189
9223372041152923829	64424511289
9223372041152923829	64424510386
9223372041152923829	64424510072
9223372041152923829	64424512713
9223372041152923829	64424513282
9223372041152923829	64424513213
9223372041152923829	64424510884
9223372041152923829	64424511686
9223372041152923829	64424513076
9223372041152923829	64424512909
9223372041152923850	64424512961
9223372041152923850	64424512705
9223372041152923850	64424511488
9223372041152923850	64424511678
9223372041152923850	64424512803
9223372041152923850	64424510181
9223372041152923850	64424511309
9223372041152923850	64424509730
9223372041152923850	64424510537
9223372041152923850	64424510876
9223372041152923850	64424512605
9223372041152923850	64424511980
9223372041152923850	64424511034
9223372041152923850	64424511447
9223372041152923850	64424510295
9223372041152923850	64424509862
9223372041152923850	64424512901
9223372041152923850	64424511377
9223372041152923850	64424510378
9223372041152923850	64424513303
9223372041152923850	64424513137
9223372041152923850	64424511706
9223372041152923850	64424509647
9223372041152923850	64424512290
9223372041152923850	64424510266
9223372041152923850	64424510750
9223372041152923850	64424513274
9223372041152923850	64424512506
9223372041152923850	64424511197
9223372041152923850	64424512734
9223372041152923850	64424509919
9223372041152923850	64424511350
9223372041152923850	64424512988
9223372041152923850	64424510565
9223372041152923850	64424510006
9223372041152923850	64424511526
9223372041152923858	64424510014
9223372041152923858	64424513076
9223372041152923858	64424512571
9223372041152923858	64424513282
9223372041152923858	64424512909
9223372041152923858	64424511988
9223372041152923858	64424513145
9223372041152923858	64424512713
9223372041152923858	64424510072
9223372041152923858	64424510884
9223372041152923858	64424511289
9223372041152923858	64424512298
9223372041152923858	64424512429
9223372041152923858	64424509870
9223372041152923858	64424510386
9223372041152923858	64424511686
9223372041152923858	64424510189
9223372041152923858	64424513213
9223372041152923863	64424509875
9223372041152923863	64424510988
9223372041152923863	64424512589
9223372041152923863	64424512914
9223372041152923865	64424510990
9223372041152923865	64424512916
9223372041152923865	64424509877
9223372041152923865	64424512591
9223372041152923874	64424512867
9223372041152923878	64424512871
9223372041152923887	64424510189
9223372041152923887	64424513076
9223372041152923887	64424513213
9223372041152923887	64424512713
9223372041152923887	64424512571
9223372041152923887	64424512909
9223372041152923887	64424513145
9223372041152923887	64424511988
9223372041152923887	64424510884
9223372041152923887	64424512298
9223372041152923887	64424510014
9223372041152923887	64424510072
9223372041152923887	64424512429
9223372041152923887	64424509870
9223372041152923887	64424510386
9223372041152923887	64424511289
9223372041152923887	64424513282
9223372041152923887	64424511686
9223372041152923908	64424512506
9223372041152923908	64424512734
9223372041152923908	64424512290
9223372041152923908	64424510876
9223372041152923908	64424513303
9223372041152923908	64424511678
9223372041152923908	64424510006
9223372041152923908	64424512988
9223372041152923908	64424511377
9223372041152923908	64424510750
9223372041152923908	64424511034
9223372041152923908	64424509647
9223372041152923908	64424513137
9223372041152923908	64424513274
9223372041152923908	64424512803
9223372041152923908	64424510266
9223372041152923908	64424512605
9223372041152923908	64424512705
9223372041152923908	64424509730
9223372041152923908	64424509919
9223372041152923908	64424510181
9223372041152923908	64424511488
9223372041152923908	64424512961
9223372041152923908	64424509862
9223372041152923908	64424511197
9223372041152923908	64424511706
9223372041152923908	64424511447
9223372041152923908	64424511526
9223372041152923908	64424511309
9223372041152923908	64424510378
9223372041152923908	64424511350
9223372041152923908	64424510295
9223372041152923908	64424510565
9223372041152923908	64424512901
9223372041152923908	64424511980
9223372041152923908	64424510537
9223372041152923916	64424511988
9223372041152923916	64424512909
9223372041152923916	64424512298
9223372041152923916	64424509870
9223372041152923916	64424513145
9223372041152923916	64424512713
9223372041152923916	64424510386
9223372041152923916	64424510884
9223372041152923916	64424510072
9223372041152923916	64424513213
9223372041152923916	64424510189
9223372041152923916	64424511289
9223372041152923916	64424513076
9223372041152923916	64424511686
9223372041152923916	64424512429
9223372041152923916	64424512571
9223372041152923916	64424513282
9223372041152923916	64424510014
9223372041152923924	64424512790
9223372041152923924	64424511268
9223372041152923924	64424510496
9223372041152923924	64424512437
9223372041152923924	64424513084
9223372041152923926	64424513086
9223372041152923926	64424512439
9223372041152923926	64424511270
9223372041152923926	64424512792
9223372041152923930	64424512796
9223372041152923930	64424510174
9223372041152923930	64424510715
9223372041152923930	64424510558
9223372041152923930	64424510841
9223372041152923930	64424512215
9223372041152923930	64424511973
9223372041152923930	64424509751
9223372041152923930	64424513130
9223372041152923930	64424510772
9223372041152923930	64424512698
9223372041152923930	64424512443
9223372041152923930	64424513021
9223372041152923937	64424512901
9223372041152923937	64424510537
9223372041152923937	64424509647
9223372041152923937	64424510378
9223372041152923937	64424511678
9223372041152923937	64424510876
9223372041152923937	64424512290
9223372041152923937	64424510006
9223372041152923937	64424511377
9223372041152923937	64424512734
9223372041152923937	64424509730
9223372041152923937	64424510266
9223372041152923937	64424512705
9223372041152923937	64424512988
9223372041152923937	64424510750
9223372041152923937	64424512803
9223372041152923937	64424513274
9223372041152923937	64424511034
9223372041152923937	64424511488
9223372041152923937	64424512506
9223372041152923937	64424513137
9223372041152923937	64424511197
9223372041152923937	64424512961
9223372041152923937	64424511309
9223372041152923937	64424511526
9223372041152923937	64424511447
9223372041152923937	64424511350
9223372041152923937	64424509862
9223372041152923937	64424510181
9223372041152923937	64424512605
9223372041152923937	64424510565
9223372041152923937	64424510295
9223372041152923937	64424511706
9223372041152923937	64424513303
9223372041152923937	64424511980
9223372041152923937	64424509919
9223372041152923939	64424512805
9223372041152923939	64424512990
9223372041152923939	64424511379
9223372041152923939	64424513305
9223372041152923939	64424511199
9223372041152923939	64424510268
9223372041152923939	64424511449
9223372041152923939	64424511311
9223372041152923939	64424509732
9223372041152923939	64424509802
9223372041152923939	64424511528
9223372041152923939	64424512963
9223372041152923939	64424511352
9223372041152923949	64424511389
9223372041152923949	64424511648
9223372041152923949	64424511209
9223372041152923949	64424511459
9223372041152923949	64424511321
9223372041152923950	64424511390
9223372041152923950	64424511210
9223372041152923950	64424511322
9223372041152923950	64424511169
9223372041152923950	64424511649
9223372041152923950	64424512774
9223372041152923950	64424511460
9223372041152923956	64424511655
9223372041152923956	64424511175
9223372041152923956	64424509512
9223372041152923956	64424511828
9223372041152923972	64424512499
9223372041152923974	64424512501
9223372041152923974	64424512004
9223372041152923974	64424512729
9223372041152923974	64424512314
9223372041152923974	64424513298
9223372041152923979	64424512319
9223372041152923979	64424512222
9223372041152923979	64424511117
9223372041152923979	64424511876
9223372041152923979	64424510779
9223372041152923979	64424512250
9223372041152923979	64424510439
9223372041152923979	64424513028
9223372041152923979	64424512535
9223372041152923979	64424512009
9223372041152923986	64424512257
9223372041152923986	64424513035
9223372041152923986	64424511883
9223372041152923986	64424511124
9223372041152923995	64424513044
9223372041152923998	64424513047
9223372041152924013	64424513060
9223372041152924017	64424513064
9223372041152924021	64424513068
9223372041152924028	64424510273
9223372041152924028	64424512940
9223372041152924028	64424513075
9223372041152924029	64424512298
9223372041152924029	64424512909
9223372041152924029	64424512571
9223372041152924029	64424510189
9223372041152924029	64424509870
9223372041152924029	64424511686
9223372041152924029	64424513145
9223372041152924029	64424511988
9223372041152924029	64424512713
9223372041152924029	64424510386
9223372041152924029	64424510014
9223372041152924029	64424512429
9223372041152924029	64424510072
9223372041152924029	64424513282
9223372041152924029	64424513213
9223372041152924029	64424511289
9223372041152924029	64424510884
9223372041152924029	64424513076
9223372041152924037	64424513084
9223372041152924037	64424511268
9223372041152924037	64424512790
9223372041152924037	64424510496
9223372041152924037	64424512437
9223372041152924039	64424512792
9223372041152924039	64424513086
9223372041152924039	64424512439
9223372041152924039	64424511270
9223372041152924046	64424513093
9223372041152924046	64424510234
9223372041152924055	64424513102
9223372041152924063	64424511390
9223372041152924063	64424511210
9223372041152924063	64424511322
9223372041152924063	64424511649
9223372041152924063	64424511169
9223372041152924063	64424512774
9223372041152924063	64424511460
9223372041152924069	64424511655
9223372041152924069	64424511175
9223372041152924069	64424509512
9223372041152924069	64424511828
9223372041152924075	64424513162
9223372041152924075	64424511510
9223372041152924075	64424513120
9223372041152924075	64424511718
9223372041152924075	64424512688
9223372041152924075	64424510831
9223372041152924075	64424513011
9223372041152924075	64424510164
9223372041152924075	64424511181
9223372041152924085	64424513021
9223372041152924085	64424512796
9223372041152924085	64424510174
9223372041152924085	64424510715
9223372041152924085	64424509751
9223372041152924085	64424510841
9223372041152924085	64424513130
9223372041152924085	64424512215
9223372041152924085	64424510558
9223372041152924085	64424510772
9223372041152924085	64424511973
9223372041152924085	64424512698
9223372041152924085	64424512443
9223372041152924092	64424512506
9223372041152924092	64424511526
9223372041152924092	64424512901
9223372041152924092	64424513274
9223372041152924092	64424513303
9223372041152924092	64424512705
9223372041152924092	64424509919
9223372041152924092	64424512988
9223372041152924092	64424511980
9223372041152924092	64424511678
9223372041152924092	64424513137
9223372041152924092	64424509730
9223372041152924092	64424512605
9223372041152924092	64424510876
9223372041152924092	64424511377
9223372041152924092	64424509647
9223372041152924092	64424510378
9223372041152924092	64424510750
9223372041152924092	64424512803
9223372041152924092	64424510006
9223372041152924092	64424512734
9223372041152924092	64424510266
9223372041152924092	64424509862
9223372041152924092	64424510565
9223372041152924092	64424511034
9223372041152924092	64424511488
9223372041152924092	64424512961
9223372041152924092	64424511309
9223372041152924092	64424512290
9223372041152924092	64424511197
9223372041152924092	64424510181
9223372041152924092	64424510295
9223372041152924092	64424510537
9223372041152924092	64424511447
9223372041152924092	64424511350
9223372041152924092	64424511706
9223372041152924100	64424513076
9223372041152924100	64424509870
9223372041152924100	64424510072
9223372041152924100	64424512571
9223372041152924100	64424512298
9223372041152924100	64424512909
9223372041152924100	64424512429
9223372041152924100	64424510189
9223372041152924100	64424513282
9223372041152924100	64424510386
9223372041152924100	64424511686
9223372041152924100	64424513145
9223372041152924100	64424511988
9223372041152924100	64424512713
9223372041152924100	64424510884
9223372041152924100	64424510014
9223372041152924100	64424511289
9223372041152924100	64424513213
9223372041152924104	64424512575
9223372041152924104	64424513149
9223372041152924110	64424513155
9223372041152924117	64424511181
9223372041152924117	64424511510
9223372041152924117	64424511718
9223372041152924117	64424513162
9223372041152924117	64424512688
9223372041152924117	64424510831
9223372041152924117	64424513011
9223372041152924117	64424513120
9223372041152924117	64424510164
9223372041152924127	64424510772
9223372041152924127	64424512796
9223372041152924127	64424513130
9223372041152924127	64424510715
9223372041152924127	64424513021
9223372041152924127	64424510841
9223372041152924127	64424512443
9223372041152924127	64424512215
9223372041152924127	64424510558
9223372041152924127	64424512698
9223372041152924127	64424511973
9223372041152924127	64424509751
9223372041152924127	64424510174
9223372041152924134	64424511350
9223372041152924134	64424511526
9223372041152924134	64424509919
9223372041152924134	64424512901
9223372041152924134	64424511706
9223372041152924134	64424512605
9223372041152924134	64424509862
9223372041152924134	64424512988
9223372041152924134	64424511980
9223372041152924134	64424510537
9223372041152924134	64424512705
9223372041152924134	64424512734
9223372041152924134	64424513303
9223372041152924134	64424511678
9223372041152924134	64424512290
9223372041152924134	64424510295
9223372041152924134	64424513137
9223372041152924134	64424509730
9223372041152924134	64424509647
9223372041152924134	64424512803
9223372041152924134	64424510266
9223372041152924134	64424510876
9223372041152924134	64424511377
9223372041152924134	64424511034
9223372041152924134	64424513274
9223372041152924134	64424510565
9223372041152924134	64424510181
9223372041152924134	64424510750
9223372041152924134	64424511447
9223372041152924134	64424510378
9223372041152924134	64424512506
9223372041152924134	64424511488
9223372041152924134	64424510006
9223372041152924134	64424511309
9223372041152924134	64424511197
9223372041152924134	64424512961
9223372041152924160	64424510845
9223372041152924160	64424513231
9223372041152924160	64424510292
9223372041152924163	64424509730
9223372041152924163	64424512506
9223372041152924163	64424511706
9223372041152924163	64424512988
9223372041152924163	64424510750
9223372041152924163	64424511526
9223372041152924163	64424511678
9223372041152924163	64424510006
9223372041152924163	64424511350
9223372041152924163	64424512734
9223372041152924163	64424512803
9223372041152924163	64424509919
9223372041152924163	64424512705
9223372041152924163	64424510295
9223372041152924163	64424510266
9223372041152924163	64424510565
9223372041152924163	64424513303
9223372041152924163	64424513274
9223372041152924163	64424510537
9223372041152924163	64424511377
9223372041152924163	64424511447
9223372041152924163	64424512605
9223372041152924163	64424509647
9223372041152924163	64424512290
9223372041152924163	64424512901
9223372041152924163	64424511309
9223372041152924163	64424511034
9223372041152924163	64424511197
9223372041152924163	64424512961
9223372041152924163	64424510181
9223372041152924163	64424511980
9223372041152924163	64424509862
9223372041152924163	64424510378
9223372041152924163	64424510876
9223372041152924163	64424513137
9223372041152924163	64424511488
9223372041152924171	64424512713
9223372041152924171	64424513076
9223372041152924171	64424510386
9223372041152924171	64424509870
9223372041152924171	64424513213
9223372041152924171	64424510072
9223372041152924171	64424512571
9223372041152924171	64424512909
9223372041152924171	64424510884
9223372041152924171	64424512298
9223372041152924171	64424510189
9223372041152924171	64424512429
9223372041152924171	64424513145
9223372041152924171	64424511289
9223372041152924171	64424510014
9223372041152924171	64424511988
9223372041152924171	64424513282
9223372041152924171	64424511686
9223372041152924179	64424510022
9223372041152924179	64424510109
9223372041152924179	64424513221
9223372041152924184	64424510529
9223372041152924184	64424513226
9223372041152924184	64424510114
9223372041152924184	64424510027
9223372041152924188	64424510031
9223372041152924188	64424510118
9223372041152924188	64424511562
9223372041152924188	64424510533
9223372041152924188	64424512473
9223372041152924188	64424513230
9223372041152924192	64424510006
9223372041152924192	64424510876
9223372041152924192	64424512290
9223372041152924192	64424513137
9223372041152924192	64424510750
9223372041152924192	64424511488
9223372041152924192	64424511980
9223372041152924192	64424511706
9223372041152924192	64424511678
9223372041152924192	64424511526
9223372041152924192	64424510537
9223372041152924192	64424509919
9223372041152924192	64424512605
9223372041152924192	64424511350
9223372041152924192	64424512734
9223372041152924192	64424512988
9223372041152924192	64424512803
9223372041152924192	64424509647
9223372041152924192	64424510565
9223372041152924192	64424511377
9223372041152924192	64424512705
9223372041152924192	64424510295
9223372041152924192	64424513303
9223372041152924192	64424513274
9223372041152924192	64424511309
9223372041152924192	64424509730
9223372041152924192	64424512901
9223372041152924192	64424511034
9223372041152924192	64424511197
9223372041152924192	64424512961
9223372041152924192	64424511447
9223372041152924192	64424510378
9223372041152924192	64424512506
9223372041152924192	64424509862
9223372041152924192	64424510181
9223372041152924192	64424510266
9223372041152924200	64424509870
9223372041152924200	64424510014
9223372041152924200	64424513213
9223372041152924200	64424512713
9223372041152924200	64424510189
9223372041152924200	64424513076
9223372041152924200	64424512909
9223372041152924200	64424510386
9223372041152924200	64424510884
9223372041152924200	64424512298
9223372041152924200	64424511289
9223372041152924200	64424511988
9223372041152924200	64424512571
9223372041152924200	64424511686
9223372041152924200	64424513282
9223372041152924200	64424513145
9223372041152924200	64424510072
9223372041152924200	64424512429
9223372041152924204	64424513149
9223372041152924204	64424512575
9223372041152924211	64424512780
9223372041152924211	64424511466
9223372041152924211	64424512086
9223372041152924211	64424512582
9223372041152924211	64424513252
9223372041152924221	64424511268
9223372041152924221	64424512790
9223372041152924221	64424510496
9223372041152924221	64424513084
9223372041152924221	64424512437
9223372041152924223	64424512439
9223372041152924223	64424513086
9223372041152924223	64424511270
9223372041152924223	64424512792
9223372041152924227	64424509751
9223372041152924227	64424510772
9223372041152924227	64424512796
9223372041152924227	64424511973
9223372041152924227	64424510715
9223372041152924227	64424512443
9223372041152924227	64424513021
9223372041152924227	64424510174
9223372041152924227	64424510841
9223372041152924227	64424512215
9223372041152924227	64424513130
9223372041152924227	64424512698
9223372041152924227	64424510558
9223372041152924234	64424512605
9223372041152924234	64424511350
9223372041152924234	64424510876
9223372041152924234	64424510006
9223372041152924234	64424510750
9223372041152924234	64424513274
9223372041152924234	64424511488
9223372041152924234	64424512290
9223372041152924234	64424510565
9223372041152924234	64424511526
9223372041152924234	64424511706
9223372041152924234	64424511678
9223372041152924234	64424509647
9223372041152924234	64424513137
9223372041152924234	64424512734
9223372041152924234	64424511980
9223372041152924234	64424510266
9223372041152924234	64424512803
9223372041152924234	64424509862
9223372041152924234	64424510181
9223372041152924234	64424512705
9223372041152924234	64424509730
9223372041152924234	64424512506
9223372041152924234	64424510378
9223372041152924234	64424511309
9223372041152924234	64424511034
9223372041152924234	64424511197
9223372041152924234	64424511377
9223372041152924234	64424512901
9223372041152924234	64424509919
9223372041152924234	64424512988
9223372041152924234	64424512961
9223372041152924234	64424511447
9223372041152924234	64424513303
9223372041152924234	64424510537
9223372041152924234	64424510295
9223372041152924242	64424512429
9223372041152924242	64424510386
9223372041152924242	64424510014
9223372041152924242	64424513213
9223372041152924242	64424510072
9223372041152924242	64424512713
9223372041152924242	64424513076
9223372041152924242	64424512909
9223372041152924242	64424509870
9223372041152924242	64424512571
9223372041152924242	64424510884
9223372041152924242	64424511289
9223372041152924242	64424512298
9223372041152924242	64424511988
9223372041152924242	64424510189
9223372041152924242	64424511686
9223372041152924242	64424513282
9223372041152924242	64424513145
9223372041152924250	64424512790
9223372041152924250	64424511268
9223372041152924250	64424510496
9223372041152924250	64424513084
9223372041152924250	64424512437
9223372041152924252	64424512792
9223372041152924252	64424513086
9223372041152924252	64424512439
9223372041152924252	64424511270
9223372041152924256	64424509751
9223372041152924256	64424512796
9223372041152924256	64424513130
9223372041152924256	64424511973
9223372041152924256	64424510772
9223372041152924256	64424510715
9223372041152924256	64424510841
9223372041152924256	64424510174
9223372041152924256	64424512215
9223372041152924256	64424513021
9223372041152924256	64424512443
9223372041152924256	64424510558
9223372041152924256	64424512698
9223372041152924263	64424512988
9223372041152924263	64424511350
9223372041152924263	64424510750
9223372041152924263	64424510876
9223372041152924263	64424512506
9223372041152924263	64424511980
9223372041152924263	64424511488
9223372041152924263	64424509730
9223372041152924263	64424509647
9223372041152924263	64424510295
9223372041152924263	64424511447
9223372041152924263	64424511706
9223372041152924263	64424513274
9223372041152924263	64424511526
9223372041152924263	64424510537
9223372041152924263	64424512803
9223372041152924263	64424512605
9223372041152924263	64424512290
9223372041152924263	64424510565
9223372041152924263	64424511678
9223372041152924263	64424509862
9223372041152924263	64424512734
9223372041152924263	64424513137
9223372041152924263	64424509919
9223372041152924263	64424512705
9223372041152924263	64424510181
9223372041152924263	64424511034
9223372041152924263	64424511197
9223372041152924263	64424511377
9223372041152924263	64424510006
9223372041152924263	64424512901
9223372041152924263	64424510266
9223372041152924263	64424510378
9223372041152924263	64424511309
9223372041152924263	64424513303
9223372041152924263	64424512961
9223372041152924271	64424509870
9223372041152924271	64424513076
9223372041152924271	64424510386
9223372041152924271	64424512298
9223372041152924271	64424510072
9223372041152924271	64424512429
9223372041152924271	64424513213
9223372041152924271	64424513282
9223372041152924271	64424510189
9223372041152924271	64424510014
9223372041152924271	64424512909
9223372041152924271	64424511289
9223372041152924271	64424510884
9223372041152924271	64424511988
9223372041152924271	64424512713
9223372041152924271	64424512571
9223372041152924271	64424511686
9223372041152924271	64424513145
9223372041152924275	64424512575
9223372041152924275	64424513149
9223372041152924282	64424512780
9223372041152924282	64424511466
9223372041152924282	64424512086
9223372041152924282	64424513252
9223372041152924282	64424512582
9223372041152924292	64424512437
9223372041152924292	64424512790
9223372041152924292	64424513084
9223372041152924292	64424510496
9223372041152924292	64424511268
9223372041152924343	64424510234
9223372041152924343	64424513093
9223372041152924348	64424509892
9223372041152924348	64424511951
9223372041152924348	64424512564
9223372041152924364	64424510681
9223372041152924364	64424509690
9223372041152924366	64424510683
9223372041152924399	64424509724
9223372041152924399	64424512599
9223372041152924405	64424512734
9223372041152924405	64424511447
9223372041152924405	64424512988
9223372041152924405	64424510876
9223372041152924405	64424510750
9223372041152924405	64424510181
9223372041152924405	64424511309
9223372041152924405	64424511350
9223372041152924405	64424509862
9223372041152924405	64424511488
9223372041152924405	64424512961
9223372041152924405	64424510295
9223372041152924405	64424511980
9223372041152924405	64424510266
9223372041152924405	64424513274
9223372041152924405	64424509919
9223372041152924405	64424511526
9223372041152924405	64424511706
9223372041152924405	64424512290
9223372041152924405	64424513137
9223372041152924405	64424510378
9223372041152924405	64424509730
9223372041152924405	64424510537
9223372041152924405	64424512803
9223372041152924405	64424511678
9223372041152924405	64424510006
9223372041152924405	64424512605
9223372041152924405	64424512506
9223372041152924405	64424513303
9223372041152924405	64424512705
9223372041152924405	64424509647
9223372041152924405	64424510565
9223372041152924405	64424511034
9223372041152924405	64424511377
9223372041152924405	64424512901
9223372041152924405	64424511197
9223372041152924413	64424510014
9223372041152924413	64424510884
9223372041152924413	64424513145
9223372041152924413	64424510072
9223372041152924413	64424510386
9223372041152924413	64424513213
9223372041152924413	64424512298
9223372041152924413	64424510189
9223372041152924413	64424512909
9223372041152924413	64424512429
9223372041152924413	64424513282
9223372041152924413	64424511289
9223372041152924413	64424511988
9223372041152924413	64424513076
9223372041152924413	64424512713
9223372041152924413	64424511686
9223372041152924413	64424509870
9223372041152924413	64424512571
9223372041152924418	64424512589
9223372041152924418	64424512914
9223372041152924418	64424509875
9223372041152924418	64424510988
9223372041152924420	64424512591
9223372041152924420	64424509877
9223372041152924420	64424512916
9223372041152924420	64424510990
9223372041152924445	64424510859
9223372041152924445	64424511430
9223372041152924446	64424511431
9223372041152924463	64424511350
9223372041152924463	64424509919
9223372041152924463	64424511980
9223372041152924463	64424512290
9223372041152924463	64424512803
9223372041152924463	64424509730
9223372041152924463	64424510537
9223372041152924463	64424513303
9223372041152924463	64424512901
9223372041152924463	64424510181
9223372041152924463	64424511447
9223372041152924463	64424512605
9223372041152924463	64424510876
9223372041152924463	64424510378
9223372041152924463	64424511034
9223372041152924463	64424512705
9223372041152924463	64424510295
9223372041152924463	64424512506
9223372041152924463	64424511377
9223372041152924463	64424513137
9223372041152924463	64424513274
9223372041152924463	64424509862
9223372041152924463	64424510266
9223372041152924463	64424511197
9223372041152924463	64424512988
9223372041152924463	64424511526
9223372041152924463	64424512734
9223372041152924463	64424510565
9223372041152924463	64424510750
9223372041152924463	64424511706
9223372041152924463	64424510006
9223372041152924463	64424511488
9223372041152924463	64424511309
9223372041152924463	64424511678
9223372041152924463	64424509647
9223372041152924463	64424512961
9223372041152924465	64424512805
9223372041152924465	64424511449
9223372041152924465	64424511352
9223372041152924465	64424509732
9223372041152924465	64424511311
9223372041152924465	64424511379
9223372041152924465	64424511199
9223372041152924465	64424509802
9223372041152924465	64424512990
9223372041152924465	64424513305
9223372041152924465	64424511528
9223372041152924465	64424512963
9223372041152924465	64424510268
9223372041152924475	64424513315
9223372041152924479	64424513319
9223372041152924479	64424511892
9223372041152924483	64424513323
9223372041152924509	64424512226
9223372041152924509	64424510783
9223372041152924509	64424512539
9223372041152924509	64424510443
9223372041152924509	64424510213
9223372041152924522	64424510681
9223372041152924522	64424509690
9223372041152924524	64424510683
9223372041152924529	64424513298
9223372041152924529	64424512004
9223372041152924529	64424512501
9223372041152924529	64424512729
9223372041152924529	64424512314
9223372041152924573	64424511031
9223372041152924573	64424511444
9223372041152924573	64424509824
9223372041152924589	64424511822
9223372041152924592	64424513044
9223372041152924753	64424510222
9223372041155348490	64424512075
9223372041156174829	64424510628
9223372041159374373	64424512373
9223372041159514060	64424511926
9223372041161703718	64424511244
9223372041161703719	64424511245
9223372041162041616	64424509756
9223372041167354810	64424510937
9223372041169890368	64424512575
9223372041169890368	64424513149
9223372041178696537	64424510802
9223372041179791134	64424509766
9223372041200980615	64424511244
9223372041219349108	64424513230
9223372041219349108	64424510533
9223372041219349108	64424511562
9223372041219349108	64424510118
9223372041219349108	64424510031
9223372041219349108	64424512473
9223372041227959962	64424511764
9223372041239793866	64424513203
9223372041248516576	64424511057
9223372041252475438	64424512164
9223372041252475438	64424510902
9223372041257347370	64424509491
9223372041259719590	64424511005
9223372041266195203	64424511244
9223372041266195204	64424511245
9223372041266223645	64424509491
9223372041269183747	64424513323
9223372041271507720	64424510702
9223372041272688009	64424511763
9223372041272696688	64424512473
9223372041272696688	64424513230
9223372041272696688	64424511562
9223372041272696688	64424510118
9223372041272696688	64424510031
9223372041272696688	64424510533
9223372041295430742	64424512931
9223372041297920911	64424513344
9223372041299013272	64424511763
9223372041302682766	64424511244
9223372041302682767	64424511245
9223372041325346638	64424511244
9223372041325346639	64424511245
9223372041325417026	64424511244
9223372041325417027	64424511245
9223372041325541600	64424511794
9223372041325541600	64424509521
9223372041344885268	64424511918
9223372041348922160	64424509774
9223372041352609222	64424512264
9223372041367726260	64424509690
9223372041367726260	64424510681
9223372041368656400	64424509774
9223372041373535956	64424511244
9223372041373535957	64424511245
9223372041390266854	64424510674
9223372041391855105	64424510937
9223372045453291559	64424512183
9223372045453291559	64424512493
9223372045453760139	64424512671
9223372045470979065	64424511738
9223372045474085885	64424511244
9223372045474085886	64424511245
9223372045475393951	64424510802
9223372045477673211	64424511875
9223372045477673211	64424510438
9223372045477673211	64424512534
9223372045477673211	64424511116
9223372045477673211	64424512249
9223372045479401718	64424511005
9223372045500649146	64424509661
9223372045502674758	64424510937
9223372045505953297	64424511006
9223372045509788967	64424509756
9223372045512299787	64424511006
9223372045516708566	64424512841
9223372045528735814	64424509798
9223372045541772864	64424511245
9223372045541772865	64424511246
9223372045543621280	64424511572
9223372045566713343	64424511244
9223372045566713344	64424511245
9223372045571323253	64424509798
9223372045576014238	64424510051
9223372045576014238	64424510139
9223372045579839688	64424511163
9223372045581334831	64424513344
9223372045584462363	64424509690
9223372045584462363	64424510681
9223372045584919449	64424512633
9223372045585872638	64424511244
9223372045585872639	64424511245
9223372045586967697	64424511918
9223372045587884226	64424512222
9223372045587884226	64424512009
9223372045587884226	64424511876
9223372045587884226	64424510439
9223372045587884226	64424513028
9223372045587884226	64424512535
9223372045587884226	64424512250
9223372045587884226	64424511117
9223372045587884226	64424512319
9223372045587884226	64424510779
9223372045601087585	64424511794
9223372045601087585	64424509521
9223372045603689103	64424512674
9223372045606050827	64424511764
9223372045618789570	64424511244
9223372045632548039	64424511673
9223372045639624473	64424511764
9223372049741212652	64424510509
9223372049741446669	64424509708
9223372049742895265	64424510092
9223372049744892182	64424512473
9223372049744892182	64424513230
9223372049744892182	64424511562
9223372049744892182	64424510118
9223372049744892182	64424510031
9223372049744892182	64424510533
9223372049744988452	64424511763
9223372049753755718	64424513177
9223372049755917214	64424510443
9223372049755917214	64424512539
9223372049755917214	64424510213
9223372049755917214	64424510783
9223372049755917214	64424512226
9223372049769777439	64424511154
9223372049771391573	64424509525
9223372049771391573	64424511798
9223372049773206931	64424510634
9223372049775174554	64424511244
9223372049775174555	64424511245
9223372049778019869	64424509601
9223372049787339756	64424510908
9223372049794275006	64424512222
9223372049794275006	64424512009
9223372049794275006	64424511876
9223372049794275006	64424510439
9223372049794275006	64424513028
9223372049794275006	64424512535
9223372049794275006	64424511117
9223372049794275006	64424512250
9223372049794275006	64424512319
9223372049794275006	64424510779
9223372049796581957	64424511504
9223372049799478907	64424511244
9223372049799478908	64424511245
9223372049807120292	64424511763
9223372049812434656	64424511244
9223372049812434657	64424511245
9223372049828883636	64424512148
9223372049836703600	64424510688
9223372049836809990	64424512383
9223372049854151023	64424509774
9223372049861701701	64424511244
9223372049861701702	64424511245
9223372049866213160	64424511764
9223372049879971360	64424511232
9223372049882796663	64424510683
9223372049918528104	64424511763
9223372049921854814	64424510517
9223372049927873784	64424509979
9223372054042486117	64424511244
9223372054042726063	64424509979
9223372054056766388	64424510302
9223372054057568598	64424511006
9223372054058482063	64424511244
9223372054058482064	64424511245
9223372054071176397	64424512386
9223372054075295691	64424509461
9223372054076187879	64424511763
9223372054110532360	64424510937
9223372054113142352	64424509756
9223372054116338888	64424511764
9223372054117392068	64424510653
9223372054121165794	64424511244
9223372054121165795	64424511245
9223372054144877967	64424511763
9223372054152829986	64424511444
9223372054152829986	64424509824
9223372054152829986	64424511031
9223372054152829988	64424510121
9223372054158816089	64424511005
9223372054158816090	64424511006
9223372054164797185	64424509601
9223372054164881848	64424511560
9223372054165003206	64424511244
9223372054165003207	64424511245
9223372054166648042	64424511234
9223372054167696625	64424512086
9223372054167696625	64424513252
9223372054167696625	64424511466
9223372054167696625	64424512582
9223372054167696625	64424512780
9223372054171227783	64424511244
9223372054171227784	64424511245
9223372054175210199	64424512464
9223372054180645862	64424511786
9223372054181522435	64424512929
9223372054186763619	64424509679
9223372054189845564	64424509683
9223372054191473719	64424511244
9223372054191473720	64424511245
9223372054191847903	64424512671
9223372054200341973	64424511245
9223372054208429509	64424509601
9223372058333467457	64424510653
9223372058342998636	64424509774
9223372058343934115	64424511673
9223372058346161627	64424509766
9223372058357616443	64424510807
9223372058357691331	64424510234
9223372058357691331	64424513093
9223372058363914062	64424509774
9223372058368658266	64424509766
9223372058368891327	64424512931
9223372058370555066	64424511245
9223372058371198463	64424510937
9223372058384598364	64424511244
9223372058384598365	64424511245
9223372058391418732	64424512871
9223372058394189584	64424509756
9223372058430589243	64424511244
9223372058430589244	64424511245
9223372058435568874	64424512836
9223372058447052030	64424512633
9223372058449804698	64424511244
9223372058449804699	64424511245
9223372058450064844	64424511244
9223372058450064845	64424511245
9223372058468205514	64424510214
9223372058468205514	64424510784
9223372058468205514	64424512227
9223372058468205514	64424509983
9223372058468205514	64424510444
9223372058479550414	64424512075
9223372058479566354	64424512075
9223372058479641744	64424510937
9223372058496423170	64424510634
9223372062625205170	64424511822
9223372062626794368	64424510443
9223372062626794368	64424512539
9223372062626794368	64424510213
9223372062626794368	64424510783
9223372062626794368	64424512226
9223372062631049390	64424509601
9223372062633720013	64424511006
9223372062637438699	64424511918
9223372062646719309	64424509766
9223372062651399747	64424509858
9223372062651897438	64424510688
9223372062654832393	64424511794
9223372062654832393	64424509521
9223372062659370068	64424510688
9223372062665657950	64424509790
9223372062691291072	64424511419
9223372062691405400	64424512836
9223372062695475201	64424511918
9223372062710578374	64424512078
9223372062713776340	64424511244
9223372062713776341	64424511245
9223372062715982368	64424509798
9223372062722526719	64424511843
9223372062732101010	64424511244
9223372062732101011	64424511245
9223372062743373765	64424509683
9223372062749649541	64424512396
9223372062754855916	64424510688
9223372062754948366	64424511883
9223372062754948366	64424512257
9223372062754948366	64424513035
9223372062754948366	64424511124
9223372062760805281	64424511244
9223372062760805282	64424511245
9223372062769585034	64424511794
9223372062769585034	64424509521
9223372062774329164	64424511444
9223372062774329164	64424509824
9223372062774329164	64424511031
9223372062775515186	64424512665
9223372062782928375	64424512836
9223372066919975594	64424510937
9223372066924780968	64424511794
9223372066924780968	64424509521
9223372066940679038	64424510634
9223372066948639578	64424510635
9223372066950750912	64424512671
9223372066958027442	64424511913
9223372066959788385	64424510681
9223372066959788385	64424509690
9223372066970287133	64424511244
9223372066970287134	64424511245
9223372066989857641	64424511560
9223372066989857642	64424511561
9223372066993805851	64424511094
9223372066994586654	64424513233
9223372066994586654	64424512900
9223372066994586654	64424510847
9223372067012295357	64424513233
9223372067012295357	64424512900
9223372067012295357	64424510847
9223372067012295358	64424513234
9223372067021852014	64424509774
9223372067025210041	64424511918
9223372067034062808	64424511763
9223372067037253831	64424512264
9223372067045842854	64424509503
9223372067050585750	64424511739
9223372067052995378	64424511883
9223372067052995378	64424512257
9223372067052995378	64424513035
9223372067052995378	64424511124
9223372067055553332	64424512499
9223372067057690190	64424511794
9223372067057690190	64424509521
9223372067062212627	64424511901
9223372067062212627	64424512274
9223372067062212627	64424511748
9223372067062212627	64424512234
9223372067062212627	64424509990
9223372067062212627	64424509476
9223372067063204533	64424509979
9223372071217133511	64424510683
9223372071219738413	64424510634
9223372071226122138	64424510702
9223372071235995844	64424510628
9223372071245527590	64424511244
9223372071245527591	64424511245
9223372071246501826	64424510653
9223372071247957527	64424510351
9223372071289135105	64424511002
9223372071289135105	64424510931
9223372071297664304	64424513230
9223372071297664304	64424512473
9223372071297664304	64424511562
9223372071297664304	64424510118
9223372071297664304	64424510031
9223372071297664304	64424510533
9223372071300641503	64424511246
9223372071323221163	64424509601
9223372071323957798	64424511663
9223372071333268550	64424509798
9223372071346032909	64424510948
9223372071350214767	64424510248
9223372071351902582	64424511063
9223372071351902582	64424512551
9223372071351995269	64424512818
9223372075513276412	64424510681
9223372075513276412	64424509690
9223372075519174540	64424511246
9223372075519675747	64424511735
9223372075528018540	64424510689
9223372075532281739	64424511663
9223372075558790179	64424511006
9223372075561906693	64424511918
9223372075562563098	64424513303
9223372075562563098	64424510378
9223372075562563098	64424511980
9223372075562563098	64424513274
9223372075562563098	64424512290
9223372075562563098	64424509862
9223372075562563098	64424509730
9223372075562563098	64424513137
9223372075562563098	64424511706
9223372075562563098	64424511678
9223372075562563098	64424511526
9223372075562563098	64424511488
9223372075562563098	64424511447
9223372075562563098	64424511377
9223372075562563098	64424511350
9223372075562563098	64424511309
9223372075562563098	64424510295
9223372075562563098	64424509919
9223372075562563098	64424512988
9223372075562563098	64424512961
9223372075562563098	64424510181
9223372075562563098	64424512901
9223372075562563098	64424512506
9223372075562563098	64424509647
9223372075562563098	64424512803
9223372075562563098	64424511197
9223372075562563098	64424511034
9223372075562563098	64424512734
9223372075562563098	64424510876
9223372075562563098	64424510750
9223372075562563098	64424512705
9223372075562563098	64424510006
9223372075562563098	64424510565
9223372075562563098	64424510537
9223372075562563098	64424510266
9223372075562563098	64424512605
9223372075581073354	64424510599
9223372075582584543	64424513291
9223372075582584543	64424512097
9223372075582584543	64424511997
9223372075582584543	64424512409
9223372075582584543	64424509787
9223372075582584543	64424511596
9223372075582584543	64424510226
9223372075582584543	64424512307
9223372075582584543	64424512722
9223372075598584651	64424510139
9223372075598584651	64424510051
9223372075599027794	64424511244
9223372075599027795	64424511245
9223372079805070651	64424510214
9223372079805070651	64424510784
9223372079805070651	64424512227
9223372079805070651	64424509983
9223372079805070651	64424510444
9223372079807536108	64424509474
9223372079808675647	64424512024
9223372079808675647	64424512334
9223372079808772223	64424512024
9223372079808772223	64424512334
9223372079820851020	64424512064
9223372079821013950	64424510415
9223372079824826448	64424511918
9223372079836308580	64424511002
9223372079836308580	64424510931
9223372079842993039	64424509979
9223372079844183750	64424512619
9223372079845045010	64424512164
9223372079845045010	64424510902
9223372079849074781	64424510817
9223372079852334531	64424511735
9223372079861421859	64424509690
9223372079861421859	64424510681
9223372079863226441	64424510817
9223372079873022956	64424511883
9223372079873022956	64424512257
9223372079873022956	64424513035
9223372079873022956	64424511124
9223372079874391682	64424511005
9223372079874391683	64424511006
9223372079887029531	64424511244
9223372079887029532	64424511245
9223372079888651518	64424511244
9223372079888651519	64424511245
9223372079889461626	64424510443
9223372079889461626	64424512539
9223372079889461626	64424510213
9223372079889461626	64424510783
9223372079889461626	64424512226
9223372079890673489	64424511245
9223372079900881109	64424511244
9223372079900881110	64424511245
9223372079914224658	64424510937
9223372079917228516	64424511794
9223372079917228516	64424509521
9223372079919923183	64424511763
9223372079921425233	64424509798
9223372084102576012	64424509774
9223372084104232259	64424510521
9223372084105903681	64424510415
9223372084112881118	64424512191
9223372084117288213	64424511244
9223372084117288214	64424511245
9223372084117430713	64424509798
9223372084122483056	64424510415
9223372084133715871	64424510520
9223372084150191570	64424510937
9223372084156444296	64424509690
9223372084156444296	64424510681
9223372084160188681	64424511764
9223372084166808163	64424512191
9223372084181233568	64424511244
9223372084181233569	64424511245
9223372084188420317	64424509683
9223372084193804129	64424510092
9223372084194563039	64424511006
9223372084216204629	64424509703
9223372084223912474	64424510937
9223372084230156307	64424510937
9223372088417735684	64424509764
9223372088424013456	64424511244
9223372088431567544	64424511244
9223372088431567545	64424511245
9223372088444227120	64424511246
9223372088445707825	64424511794
9223372088445707825	64424509521
9223372088447229573	64424510666
9223372088448940414	64424511244
9223372088448940415	64424511245
9223372088456284170	64424513330
9223372088458906526	64424512191
9223372088459349867	64424511763
9223372088467870900	64424510908
9223372088468323338	64424510937
9223372088487230363	64424511794
9223372088487230363	64424509521
9223372088503818359	64424511244
9223372088503818360	64424511245
9223372092718259700	64424511763
9223372092718259701	64424511764
9223372092726140791	64424511245
9223372092728246226	64424511763
9223372092732444518	64424511244
9223372092732444519	64424511245
9223372092739530701	64424510802
9223372092743219549	64424511244
9223372092743219550	64424511245
9223372092758064789	64424511892
9223372092758064789	64424513319
9223372092761277996	64424512222
9223372092761277996	64424512009
9223372092761277996	64424511876
9223372092761277996	64424510439
9223372092761277996	64424513028
9223372092761277996	64424512535
9223372092761277996	64424511117
9223372092761277996	64424512250
9223372092761277996	64424510779
9223372092761277996	64424512319
9223372092763076804	64424513323
9223372092773672769	64424511763
9223372092779016050	64424512831
9223372092781100255	64424509766
9223372092784567248	64424510639
9223372092785949831	64424510628
9223372092793073965	64424510725
9223372092794736906	64424510252
9223372092794736906	64424510466
9223372097005075206	64424512929
9223372097011454758	64424512674
9223372097012371214	64424512386
9223372097015973699	64424511002
9223372097015973699	64424510931
9223372097017666829	64424511154
9223372097020557833	64424512064
9223372097033418049	64424511780
9223372097036421254	64424510088
9223372097038181743	64424509756
9223372097043418137	64424510124
9223372097051539788	64424510092
9223372097063751650	64424510124
9223372097079420330	64424511763
9223372097079534146	64424511763
9223372101282430088	64424512519
9223372101290915275	64424512841
9223372101292370726	64424513344
9223372101295966373	64424512671
9223372101296785143	64424510683
9223372101297819492	64424511002
9223372101297819492	64424510931
9223372101305151620	64424511763
9223372101314436224	64424513323
9223372101314570956	64424511763
9223372101332718997	64424511006
9223372101339468203	64424512105
9223372101339468203	64424512417
9223372101342218654	64424511735
9223372101352614838	64424511244
9223372101353848424	64424509836
9223372101359121528	64424510628
9223372101360680658	64424512674
9223372101363914925	64424509764
9223372101364267725	64424512264
9223372105575862163	64424509690
9223372105575862163	64424510681
9223372105578318248	64424510908
9223372105591182937	64424512268
9223372105592792643	64424511244
9223372105592792644	64424511245
9223372105593164867	64424512264
9223372105604932487	64424512522
9223372105611542557	64424511006
9223372105613259281	64424512164
9223372105613259281	64424510902
9223372105616562741	64424512630
9223372105619647680	64424511234
9223372105620251556	64424512073
9223372105623341259	64424511918
9223372105624128790	64424509979
9223372105630601082	64424511244
9223372105630601083	64424511245
9223372105630729881	64424512929
9223372105646787184	64424509601
9223372105648454966	64424510937
9223372105653858512	64424510817
9223372109870187532	64424509673
9223372109870187532	64424510661
9223372109874998704	64424511763
9223372109877340415	64424510688
9223372109895197429	64424510599
9223372109913325018	64424511599
9223372109914968439	64424509766
9223372109923996573	64424511005
9223372109929228073	64424509979
9223372109945277072	64424510214
9223372109945277072	64424510784
9223372109945277072	64424512227
9223372109945277072	64424509983
9223372109945277072	64424510444
9223372114175867807	64424509683
9223372114222077811	64424511006
9223372118459762909	64424513323
9223372118463341759	64424510807
9223372118468202017	64424511244
9223372118468202018	64424511245
9223372118471209124	64424512671
9223372118473139750	64424509774
9223372118481508563	64424510908
9223372118483095702	64424511244
9223372118483095703	64424511245
9223372118484302029	64424511836
9223372118491691305	64424509661
9223372118520237020	64424512674
9223372118520586365	64424511786
9223372118520656643	64424511246
9223372118522924213	64424512671
9223372122767631075	64424511244
9223372122767631076	64424511245
9223372122772731427	64424509764
9223372122794699114	64424512268
9223372122796471843	64424510397
9223372127068814616	64424512024
9223372127068814616	64424512334
9223372127071125819	64424511246
9223372127079422936	64424511057
9223372131344687754	64424511094
9223372131345164021	64424511918
9223372131371507943	64424512158
9223372131394899125	64424511918
9223372131397006101	64424509683
9223372131401571688	64424510139
9223372131401571688	64424510051
9223372131413306652	64424511244
9223372131413306653	64424511245
9223372131414693358	64424511245
9223372131416327931	64424511246
9223372131416917026	64424509798
9223372131420672004	64424511244
9223372131420672005	64424511245
9223372131423764961	64424511244
9223372131423764962	64424511245
9223372131425201601	64424510817
9223372131428332268	64424511244
9223372131431430495	64424511763
9223372131432106608	64424509690
9223372131432106608	64424510681
9223372131432579083	64424511244
9223372131432579084	64424511245
9223372131432879624	64424510139
9223372131432879624	64424510051
9223372131435123164	64424510634
9223372131440066714	64424511244
9223372131440066715	64424511245
9223372131441218048	64424509979
9223372131442467630	64424510937
9223372131446078866	64424510124
9223372131458620385	64424511244
9223372131458620386	64424511245
9223372131460284465	64424511244
9223372131460284466	64424511245
9223372131494999720	64424513298
9223372131494999720	64424512004
9223372131494999720	64424512314
9223372131494999720	64424512501
9223372131494999720	64424512729
9223372131496360855	64424509798
9223372135654316893	64424509702
9223372135657286692	64424513203
9223372135658949788	64424511764
9223372784179112495	64424512929